0.01 4.070801693152523e-08 1.3534426416985195e-07
0.02 8.417027561343897e-09 8.066836367003145e-08
0.02 8.417027561343897e-09 8.066836367003145e-08
0.02 8.417027561343897e-09 8.066836367003145e-08
0.05 -3.647479627648548e-09 2.2118868374846962e-07
0.01 4.070801693152523e-08 1.3534426416985195e-07
0.02 8.417027561343897e-09 8.066836367003145e-08
0.03 2.7587009739613976e-08 1.716984839180224e-07
0.04 2.11716815920654e-08 2.9018998205835e-07
0.05 -3.647479627648548e-09 2.2118868374846962e-07
0.01 4.7484718489506025e-08 3.5988477631833232e-06
0.02 4.779276468988615e-08 9.083924323245306e-07
0.04 6.95774142101065e-08 -3.7061775054402926e-07
0.06 1.3746537726255725e-07 1.702897278130122e-07
0.08 4.0189853071939295e-07 -1.1796287272834255e-08
0.1 8.199855181989449e-07 5.81955172217209e-08
0.12 1.8278575572788456e-06 4.898332147552065e-07
0.14 3.341273637861422e-06 -3.2355341516883623e-07
0.16 5.751128106139145e-06 6.520572608984166e-07
0.18 9.099058063313472e-06 4.541413031931996e-07
0.2 1.3864830709418811e-05 2.9488208144944978e-06
0.22 2.0397893795263487e-05 6.1393096085469494e-06
0.24 2.882160332504942e-05 1.4907414004215367e-05
0.26 3.9616355454714946e-05 2.9460291168899066e-05
0.28 5.3159979171872006e-05 5.6846960555382885e-05
0.3 6.984696333284173e-05 0.00010553824139804446
0.32 9.016726406747738e-05 0.00018946912251737987
0.34 0.00011429593666695455 0.00032695974974767127
0.36 0.00014282882624719562 0.0005460697124630163
0.38 0.00017609170510693054 0.0008890947419168225
0.4 0.00021420280890563844 0.0014096508911419297
0.42 0.0002575929802189231 0.002179580471961518
0.44 0.00030621752187635654 0.00330255905239496
0.46 0.0003599525415524626 0.004900247704171214
0.48 0.00041871024239336106 0.007141906560801018
0.5 0.0004818900461065424 0.0102235604186584
0.52 0.0005489356067611674 0.014384570267998867
0.54 0.0006187595561753572 0.019897951010199994
0.56 0.0006901109952838686 0.027128631997779585
0.58 0.0007613096477312097 0.036449411861957846
0.6 0.0008306307479503158 0.04818701366938669
0.01 4.7484718489506025e-08 3.5988477631833232e-06
0.01 4.7484718489506025e-08 3.5988477631833232e-06
0.03 3.8159220761873395e-08 -7.586216852616398e-08
0.04 6.95774142101065e-08 -3.7061775054402926e-07
0.05 3.0423430084069974e-09 1.4318351610866142e-06
0.05 3.0423430084069974e-09 1.4318351610866142e-06
0.07 2.0832457104254693e-07 1.436570409680657e-07
0.08 4.0189853071939295e-07 -1.1796287272834255e-08
0.09 5.279260828618792e-07 -4.951905128295982e-07
0.09 5.279260828618792e-07 -4.951905128295982e-07
0.11 1.3141775351417454e-06 -5.4494388175573634e-08
0.12 1.8278575572788456e-06 4.898332147552065e-07
0.12 1.8278575572788456e-06 4.898332147552065e-07
0.14 3.341273637861422e-06 -3.2355341516883623e-07
0.15 4.391255270138006e-06 1.1390978003128891e-07
0.16 5.751128106139145e-06 6.520572608984166e-07
0.16 5.751128106139145e-06 6.520572608984166e-07
0.18 9.099058063313472e-06 4.541413031931996e-07
0.19 1.135028314700702e-05 1.388447211941671e-06
0.19 1.135028314700702e-05 1.388447211941671e-06
0.21 1.6906761139761594e-05 4.405135066118921e-06
0.22 2.0397893795263487e-05 6.1393096085469494e-06
0.23 2.4288718115306784e-05 8.664980217420179e-06
0.23 2.4288718115306784e-05 8.664980217420179e-06
0.25 3.3852549174465255e-05 2.0934365815347733e-05
0.26 3.9616355454714946e-05 2.9460291168899066e-05
0.27 4.597845675243332e-05 4.061101598950982e-05
0.27 4.597845675243332e-05 4.061101598950982e-05
0.29 6.112383363548245e-05 7.811942451310768e-05
0.3 6.984696333284173e-05 0.00010553824139804446
0.3 6.984696333284173e-05 0.00010553824139804446
0.32 9.016726406747738e-05 0.00018946912251737987
0.33 0.00010164581049265427 0.00025005160410867676
0.34 0.00011429593666695455 0.00032695974974767127
0.34 0.00011429593666695455 0.00032695974974767127
0.36 0.00014282882624719562 0.0005460697124630163
0.37 0.00015885882241433848 0.0006989373847938067
0.37 0.00015885882241433848 0.0006989373847938067
0.39 0.00019456704237590575 0.0011232101148894577
0.4 0.00021420280890563844 0.0014096508911419297
0.41 0.00023524133667406988 0.0017577666985035018
0.41 0.00023524133667406988 0.0017577666985035018
0.43 0.00028124649305813243 0.002691649337864126
0.44 0.00030621752187635654 0.00330255905239496
0.44 0.00030621752187635654 0.00330255905239496
0.46 0.0003599525415524626 0.004900247704171214
0.47 0.00038873689623598884 0.005929579102362639
0.48 0.00041871024239336106 0.007141906560801018
0.49 0.0004497563828337782 0.008557077600762682
0.49 0.0004497563828337782 0.008557077600762682
0.01 4.7484718489506025e-08 3.5988477631833232e-06
0.02 4.779276468988615e-08 9.083924323245306e-07
0.03 3.8159220761873395e-08 -7.586216852616398e-08
0.04 6.95774142101065e-08 -3.7061775054402926e-07
0.05 3.0423430084069974e-09 1.4318351610866142e-06
0.06 1.3746537726255725e-07 1.702897278130122e-07
0.07 2.0832457104254693e-07 1.436570409680657e-07
0.08 4.0189853071939295e-07 -1.1796287272834255e-08
0.09 5.279260828618792e-07 -4.951905128295982e-07
0.1 8.199855181989449e-07 5.81955172217209e-08
0.11 1.3141775351417454e-06 -5.4494388175573634e-08
0.12 1.8278575572788456e-06 4.898332147552065e-07
0.13 2.495836712649433e-06 5.233556053715792e-07
0.14 3.341273637861422e-06 -3.2355341516883623e-07
0.15 4.391255270138006e-06 1.1390978003128891e-07
0.16 5.751128106139145e-06 6.520572608984166e-07
0.17 7.238703915818383e-06 1.2660692049193365e-07
0.18 9.099058063313472e-06 4.541413031931996e-07
0.19 1.135028314700702e-05 1.388447211941671e-06
0.2 1.3864830709418811e-05 2.9488208144944978e-06
0.21 1.6906761139761594e-05 4.405135066118921e-06
0.22 2.0397893795263487e-05 6.1393096085469494e-06
0.23 2.4288718115306784e-05 8.664980217420179e-06
0.24 2.882160332504942e-05 1.4907414004215367e-05
0.25 3.3852549174465255e-05 2.0934365815347733e-05
0.26 3.9616355454714946e-05 2.9460291168899066e-05
0.27 4.597845675243332e-05 4.061101598950982e-05
0.28 5.3159979171872006e-05 5.6846960555382885e-05
0.29 6.112383363548245e-05 7.811942451310768e-05
0.3 6.984696333284173e-05 0.00010553824139804446
0.31 7.954071986315513e-05 0.00014271493691012647
0.32 9.016726406747738e-05 0.00018946912251737987
0.33 0.00010164581049265427 0.00025005160410867676
0.34 0.00011429593666695455 0.00032695974974767127
0.35 0.00012802803619185092 0.0004248321793570486
0.36 0.00014282882624719562 0.0005460697124630163
0.37 0.00015885882241433848 0.0006989373847938067
0.38 0.00017609170510693054 0.0008890947419168225
0.39 0.00019456704237590575 0.0011232101148894577
0.4 0.00021420280890563844 0.0014096508911419297
0.41 0.00023524133667406988 0.0017577666985035018
0.42 0.0002575929802189231 0.002179580471961518
0.43 0.00028124649305813243 0.002691649337864126
0.44 0.00030621752187635654 0.00330255905239496
0.45 0.00033248098294071777 0.004034935168728953
0.46 0.0003599525415524626 0.004900247704171214
0.47 0.00038873689623598884 0.005929579102362639
0.48 0.00041871024239336106 0.007141906560801018
0.49 0.0004497563828337782 0.008557077600762682
0.5 0.0004818900461065424 0.0102235604186584
0.5 0.0004818900461065424 0.0102235604186584
0.51 0.0005150213813404605 0.012141837643924125
0.52 0.0005489356067611674 0.014384570267998867
0.53 0.0005836153898465959 0.016946400405249668
0.54 0.0006187595561753572 0.019897951010199994
0.55 0.0006542958359170697 0.02329243942230729
0.56 0.0006901109952838686 0.027128631997779585
0.57 0.0007258343660249901 0.0315050822681794
0.58 0.0007613096477312097 0.036449411861957846
0.59 0.0007964363998862907 0.04196249306771383
0.6 0.0008306307479503158 0.04818701366938669
0.61 0.0008638266361937874 0.05514363570490888
0.62 0.0008958937737229619 0.0628118817154184
0.63 0.0009261087933998195 0.07138507784900341
0.64 0.0009546200471118963 0.08076289455395179
0.65 0.0009808794828337019 0.09107180872766611
0.66 0.0010045080187130221 0.10235185720579991
0.67 0.001025695647718195 0.11453580666369675
0.68 0.0010437447529129907 0.12776448708696048
0.69 0.001058351257502333 0.1420736599623377
0.7 0.0010697952544227963 0.15730359108007075
0.001 6.955017609926007e-08 4.891822958053349e-06
0.002 7.260621385998116e-08 4.930457391457558e-06
0.003 4.4028158040544575e-08 3.020184449815997e-06
0.004 8.284273832934078e-08 -2.2732127578720654e-06
0.005 5.40853349226239e-08 2.944662721358718e-07
0.006 5.1526178608981906e-08 2.3694514927858333e-06
0.007 6.286028027427711e-08 2.1107836491845726e-07
0.008 7.819010742014889e-08 1.1370742383694692e-07
0.009 6.015976832045245e-08 -1.2912080104813625e-06
